3979
917
6442
6400
5717
7504
7471
7200
947
6022
5921
5490
5363
6806
8572
8754
3343
5432
8603
6235
4180
3433
8041
876
8323
9226
4285
9206
8041
2444
6335
6457
4276
1191
8141
5532
5609
1365
4729
7863
3915
4068
5896
3364
7624
7762
644
7657
3542
6720
4747
6875
279
7632
1229
8073
1751
7143
8022
5790
6874
8074
8066
766
7881
6473
1971
269
791
4256
7264
7873
4049
6856
5674
9028
3537
4239
2475
6111
4366
9744
3977
6843
3475
6968
2665
3232
3580
2930
3041
9894
8056
7768
661
6634
5784
173
5631
3654
9407
6562
7759
4143
4805
9456
6892
9327
5106
9261
6410
5615
1502
3058
5491
8150
3267
8307
7200
127
8024
3302
3184
7123
7493
9573
9461
7896
7852
700
2023
6622
7211
9473
7800
6711
2733
9023
9849
5215
895
9905
988
4468
5842
8557
5116
6945
4905
2731
7007
297
4057
4366
7558
8087
12
8551
3528
1304
2553
5149
6466
7673
4123
4627
2303
8734
278
8315
7875
700
6058
4604
3076
7425
4268
1188
7327
9851
489
49
4290
4199
9792
8238
2821
544
8436
7020
4296
8452
7096
4887
8743
6551
3336
9970
358
8036
4924
6027
2656
2123
2719
866
6332
2067
1620
4958
8167
520
8699
3649
9481
8676
3948
981
9327
9622
8375
8916
7361
4297
8865
4490
7490
6883
6101
3270
509
8314
2138
6869
7008
4571
7425
9758
6818
3413
4599
5694
5492
8779
6192
8457
5553
5481
5607
5293
851
8385
4642
6253
6046
8610
8012
5229
680
6915
8253
4245
4740
5352
3656
3122
8979
1114
6831
7612
8560
4675
3360
6768
7995
2921
5547
7398
641
1028
138
7680
5965
352
7848
5183
9814
8158
1718
2062
8032
3981
7281
4458
3363
9353
8393
6244
8821
5005
8452
3437
9595
8305
1019
6691
8689
4790
6442
6650
1587
3104
1767
4041
6410
2752
9725
4698
6542
1050
8262
297
9250
6981
8299
9251
5087
2485
6964
5494
4693
1368
6988
4056
8256
9128
8379
6097
6394
6631
733
2684
4028
5217
4418
4489
6000
1504
9417
8335
9503
259
8334
2284
6327
2725
7468
6880
6985
6083
9030
4775
842
2875
2662
9732
3447
7816
6899
7032
4047
1609
7666
4771
4701
8302
6290
7394
6414
6652
3100
7602
7742
9562
5884
8338
7565
8475
27
4379
1996
254
8096
6271
8602
1768
8367
6267
8368
7554
2423
7736
1055
1423
2331
950
1395
868
6300
11
2138
3714
1506
2183
3668
6554
5773
7795
9479
7545
686
906
9308
4023
4292
6806
5844
7879
3997
6702
9583
1693
8431
1593
2681
6380
9837
4750
8540
2190
1466
1498
937
6675
2514
7319
3063
236
6007
9878
6002
1252
2685
6860
6184
6650
5543
5133
1315
5602
7819
782
6971
7061
4490
8707
2642
2861
6352
1898
9705
8853
9092
3070
1607
2724
9484
9757
8368
2657
7785
8413
412
144
9460
2737
7426
7378
7069
2746
2203
5910
1357
6847
1277
1129
7558
3450
6232
6477
4702
3283
9215
2655
5941
365
8180
40
8137
8533
3523
1745
9566
6682
1765
9857
4678
149
4651
7024
4798
1105
3508
783
5335
4045
2374
302
2702
4275
4177
1379
5939
579
2423
2648
1330
3528
2459
2426
1934
3727
4221
2695
6697
6739
1188
8732
3957
9058
769
723
3370
3649
2689
7799
8178
9109
2622
7895
4397
7324
8283
249
6084
7843
148
5534
4110
5179
8987
2608
1786
818
3539
2850
4395
7431
3980
8410
8665
8040
3728
1186
813
163
8940
3803
1270
5873
2674
2706
4992
1300
5138
3080
7988
1152
3386
286
6477
1929
9333
7980
5596
5814
4199
7453
403
6068
1465
8867
8367
1925
5354
3497
1608
6592
5152
5437
4150
8339
4412
5176
5234
2096
9041
7865
5826
4165
2799
7232
4134
5468
9660
7421
9333
9943
769
7399
5974
4047
8565
1421
3554
2228
6326
4094
4022
7249
9951
1209
1877
3885
6189
952
5694
5749
9056
7583
2839
3422
6099
9647
4282
7036
1499
2370
9673
1665
7977
7099
2647
3112
6484
3934
8876
3103
3903
7879
8013
5351
1483
9730
5420
9225
2348
651
5527
9936
6696
5977
9682
2130
8047
4253
5220
8529
232
819
2937
6712
6871
6933
7155
4993
3356
1056
769
8375
2945
6271
8890
5611
4528
282
2852
611
5389
2190
9885
7971
8714
5523
3940
8299
9499
2656
3186
4409
7483
9946
6758
4066
511
8701
3255
1781
9722
8215
3117
7913
6145
203
7606
1390
8734
935
264
3093
8437
4152
737
1563
2665
1338
2040
3165
8141
5809
8186
6686
4426
917
9204
1864
4837
9096
3167
5743
8584
652
7050
4033
5786
4093
6987
9893
4891
567
4117
7555
8694
1564
8886
980
8690
7071
1461
6667
2255
500
9962
9181
7276
6588
4025
9960
9504
965
5481
6464
1460
7315
3821
783
8816
982
9361
8270
658
5308
3680
3873
199
4408
821
8757
5258
2452
2253
488
1460
250
8281
7732
5976
5697
8772
2042
4042
2521
5266
5370
2718
5101
3944
9494
3215
5744
2585
8149
1565
9063
780
4456
1024
5782
1274
5187
6428
7487
7421
9960
2936
2638
6663
9770
7682
2878
862
6906
7789
3402
5283
7928
2713
8447
9198
9570
5939
1512
9828
8611
9033
1228
9504
8759
6633
4619
2528
3192
7221
412
5821
2178
3371
3525
4125
4765
460
1185
1739
392
8826
5842
5922
9106
5173
6337
3117
2521
7998
7702
1763
6737
509
2787
9399
5165
402
4066
5504
2981
4988
68
7573
1479
6433
7887
9622
7641
1972
9160
8871
4458
9094
6046
6609
2131
6986
7721
3595
2121
3866
233
7968
4766
2622
5875
6038
9108
6231
5288
1126
6962
9540
3192
9797
3193
3863
2324
6742
5427
4833
6666
8153
5894
8371
3761
3945
4379
7553
8108
9510
2704
8017
3255
7188
2366
2909
8897
3936
6132
9642
6075
7533
9144
8100
4818
5340
6610
3962
6853
820
7473
8770
8700
6897
4166
2253
7982
9186
7048
9548
541
481
1419
2953
5494
8133
6207
9828
1816
8031
1057
2078
131
9283
9565
2282
9650
7908
1432
7108
757
5627
4347
7828
9587
7362
2613
6482
1131
4110
334
8994
5393
7095
3223
5273
3228
515
8662
8051
3948
88
6452
1199
9078
1520
3058
9257
7159
3359
2042
2830
2558
7655
5884
3273
2476
3952
9522
4321
6569
3871
5797
9410
6234
1479
3700
7469
9027
8087
9579
6273
8745
4618
9665
9261
8842
2379
9743
147
5708
1288
9205
9036
3699
8957
9682
9814
6524
53
3838
3154
613
8898
1027
7302
8396
2384
3323
1180
2958
7450
4689
6550
9156
8452
9035
8302
5720
6370
8742
6980
8291
7260
627
9842
1075
8420
414
4571
4352
2619
9110
5877
7173
808
6422
6809
658
6165
7134
7583
45
2330
8951
7710
7355
5915
3887
5193
4597
6465
3662
8342
30
4084
1491
1257
3161
4047
8531
5427
8190
8916
7992
2120
9782
191
1115
2239
249
492
7850
976
7416
6428
2394
2230
207
4547
7309
2495
5316
1246
2087
2768
4533
6090
5919
2963
5711
4926
696
2462
4304
3332
6338
2498
8469
1684
8885
3599
4117
8258
9413
4035
9227
8159
6230
8932
4036
4166
7128
7128
8345
9659
4336
4257
9558
2115
2107
4001
133
7829
2371
3281
8079
8108
9156
3301
7415
3351
8918
7834
4279
9480
5727
6900
7687
6249
2445
8821
7269
8277
4790
2254
1169
1866
9101
7674
8938
4944
2549
7117
6243
6688
9188
3068
8046
3625
4140
2489
1739
7742
216
1471
43
1336
1853
8378
5024
6234
2109
6027
4447
7407
5806
9332
1453
7846
18
1076
372
8942
2830
5153
2145
6966
7777
7247
6836
3921
3251
8716
6953
528
465
441
3887
8752
72
4395
5085
4019
7784
6946
834
9427
6076
1127
116
7192
3858
2469
3561
4315
8605
7837
637
176
2020
2713
2403
7649
5423
7284
2374
9551
4112
2419
4905
7183
2824
6297
1565
6535
4454
15
8877
2190
2366
4605
5607
637
9411
3264
6959
4847
838
7905
9465
63
817
4179
4186
2309
1880
2394
7151
1949
3433
6618
5615
9396
515
2297
1280
844
3923
8824
1904
5536
5305
4701
593
9195
7595
7326
8464
1931
6648
242
5715
2131
5624
3767
9463
7275
91
126
1882
8029
7368
5456
823
4756
5413
8085
4897
2755
9001
1410
6679
811
563
656
2919
4173
4490
342
1610
2545
4892
1671
9542
1951
9839
5392
6330
3262
7398
9221
793
8949
4057
5491
41
2034
706
4838
8166
6315
8557
5883
5461
1310
1936
6390
3109
3022
8321
4609
6412
1196
5519
5044
9577
4402
2594
8424
8502
6632
7389
8426
99
4442
6712
6935
6523
8258
3889
766
6891
3841
4622
1970
9633
4050
7073
7740
1897
5066
6101
6422
2628
9559
7212
4635
8715
7260
3357
8818
3827
8117
3550
9327
4488
9780
9428
2559
1726
4554
2313
8038
8473
4039
7218
4636
1105
2513
3643
9377
3752
4832
1547
8749
4917
488
3538
5338
4436
2220
8962
7350
8589
1815
7311
1439
1683
2944
977
7697
1338
5310
5114
5638
2847
9302
3858
4907
2968
5937
962
1733
7924
3828
9024
9065
7575
4617
1603
1216
5739
886
6992
5379
8600
6172
9383
3793
80
2020
7219
4955
5872
1238
2114
2043
348
7495
6846
9320
6034
7681
2727
2393
2913
7825
7763
921
1302
629
2381
6115
2040
4377
9735
3967
1486
7897
3067
9747
1753
7992
77
3667
7556
1954
2237
8665
9809
3672
5915
3622
203
8457
9309
3562
7031
7834
5798
3292
2954
7625
4787
9331
4813
4539
9
1052
1087
1273
6670
1857
2093
5137
5397
2881
6516
9468
6441
4501
8101
4474
3076
8886
5003
6662
2861
8618
8737
8615
6001
9855
8984
9645
3576
7750
3392
5776
3304
4545
7026
6263
5342
395
2329
9334
772
3293
291
9867
5380
3217
2059
6432
1876
181
7620
6626
3872
284
9682
3954
1337
4099
7633
8403
2714
2787
2990
5687
1917
3391
8783
1936
6170
4015
7662
4095
1676
5311
3158
7514
3610
8164
4043
7002
2915
7213
7789
2671
2940
3958
3542
7083
3305
4183
8195
4520
3663
1031
8792
7079
2439
1731
2670
6107
5158
7433
4642
9066
4751
3454
296
2793
7878
5387
529
2679
8910
5644
9040
2680
1946
2236
4708
6120
5681
2641
2785
5598
5912
6611
350
2180
6648
3269
5170
9383
3293
5035
1901
9803
7632
207
3020
8362
4322
3603
6041
6602
3765
8552
3359
3302
4720
7369
8750
3487
8947
952
2943
370
2615
2540
5234
696
1401
858
8353
8961
7270
9449
3905
8868
4788
8162
4349
3605
4802
1748
6348
7441
502
8413
1554
2949
2966
6270
5024
9064
1746
3763
448
4255
4619
1561
1704
8407
9738
3928
6549
8709
9753
7314
8066
103
7756
994
9528
5513
1515
2314
1304
3032
400
8567
4186
2679
4810
9954
8726
5900
5741
62
2398
1758
191
7413
3312
5511
3857
2832
2680
7369
2264
6427
8404
4687
4019
2314
1333
2575
1624
3083
6991
4601
377
9452
754
2150
7392
2621
7031
8042
9126
2644
2213
5198
2736
1540
3545
5327
2247
751
7383
5886
1774
3895
9934
3791
5879
989
8737
8421
9026
5056
1160
8911
8717
5361
1637
1272
6102
4357
1769
9838
646
1391
7306
9200
1017
319
8506
6675
7029
7027
338
9961
2638
7003
9493
1215
552
6048
6794
6385
3293
872
8399
6597
8293
4672
7696
1801
8345
350
4350
6426
3936
5007
480
8463
1841
7619
5197
4376
1813
6402
2673
2770
591
4532
1191
7611
4287
9024
6145
4210
2390
6241
1049
7731
5624
8819
5589
5284
6534
5109
7354
7206
7815
3449
5089
7867
3382
1161
6255
1771
1166
9079
9087
7141
1536
9786
4799
942
7472
8624
2819
1944
2921
8719
8623
4220
5520
1492
4785
1397
5870
3537
4850
2434
7496
934
7513
8224
9110
4973
3018
8798
5922
6327
3017
9241
4972
2455
883
4982
6637
8080
6859
5925
2770
1370
8299
6207
3071
9340
3140
8912
8610
4770
8182
266
1212
3803
9436
195
2372
8936
6141
9041
3152
7376
8305
9595
8255
145
3385
8111
9288
7763
5654
327
3532
1129
1110
5685
1241
315
7401
4609
6451
9450
2841
1856
7319
4843
5917
3739
5021
9889
5092
4496
6018
8392
8643
4814
3268
1749
8475
372
7344
3854
3208
1336
8698
4503
1503
6994
9476
4522
6268
9461
7325
847
4333
2883
7356
6492
2072
2337
1920
4881
2680
2702
9328
410
1418
6099
4251
6184
7012
4871
2264
3665
9892
3239
1682
8014
911
6593
2368
5069
4914
2191
6867
4952
5120
9529
9282
4296
3854
6476
8868
121
4792
20
4861
7385
6049
2825
5675
4429
4762
803
1732
6944
118
9962
7944
7194
251
6185
3261
917
4564
561
9779
507
3280
4711
3635
8025
2667
4797
4801
8558
284
1158
7229
8749
8617
5388
72
9237
3633
6041
52
1979
1663
7348
7127
7160
1293
9735
6495
885
2510
8925
414
9404
7820
7325
7090
6709
6023
4736
475
7905
7904
93
6311
6358
8386
8337
7466
2141
8667
7098
3058
3192
8278
5878
1495
1595
5128
9418
4659
7957
2208
5709
9821
9814
9383
5206
3292
4613
3255
7151
7440
2540
4019
2353
6855
1830
4212
2771
8180
2776
8871
9791
9283
7996
9817
9671
3991
8679
1484
3222
3021
4021
7586
780
4414
1253
9884
9420
7780
96
6340
2573
2669
6715
9783
1904
2531
9917
6939
3951
412
2096
1039
8262
562
9331
9688
8553
3485
3922
9118
7219
3802
4300
776
9858
9600
8851
3132
2579
7266
3763
7788
5562
7320
195
5650
8215
5253
4103
5650
5886
6027
8975
532
6335
8875
9876
2818
3844
5182
9780
8971
6899
4868
7465
2701
8942
4719
5714
2073
7770
9938
4225
5741
5881
5315
103
2002
8475
5463
5327
8194
5281
3277
4383
8444
6213
2337
4843
2380
2408
9560
283
3829
1349
6510
9970
6354
4316
8886
9160
3066
9155
4613
5037
1147
2324
3514
6874
28
7527
352
2541
1428
3789
2824
5665
2962
9149
7707
6832
2208
7853
2786
6794
7252
2312
8025
6253
4842
4964
6850
4086
4574
1369
766
4403
2196
4894
8285
1149
954
3618
2508
4836
1515
9857
2187
4220
2048
6234
5871
2834
1056
5099
3959
1446
8814
9674
2978
7976
8056
839
295
2655
6078
4246
4732
6335
4959
2047
1079
6011
6946
4843
1679
1698
715
5328
5649
6369
6355
895
3002
1121
4798
6572
7934
5038
9692
8218
5480
1735
5060
1652
1010
8356
8564
3216
961
3833
3431
103
6541
4192
2014
8777
9970
4787
3883
5638
3718
2717
730
1399
4697
273
8152
4470
3697
9046
2703
8501
5060
9963
5864
1267
825
6377
5079
9220
7108
5262
4896
5416
7796
6445
7374
4652
4348
2575
7750
9883
6646
13
5797
6480
8929
1520
6217
6105
3172
3028
3340
4587
381
778
980
2158
954
618
1232
9457
7305
5867
9760
4150
223
8429
980
7753
5242
9127
8931
3495
7934
2501
3305
8271
2558
3899
630
9674
786
2274
7100
3081
1434
5626
9100
5294
6748
4621
4074
379
5384
2148
3217
8244
7631
5397
2142
7543
5594
9713
8885
2909
1377
2944
2600
3006
2121
8316
6611
3004
5285
5537
6319
4905
8144
6862
3096
2361
1818
3287
1326
4576
6780
574
4255
840
6983
6180
6112
1535
3378
817
248
6663
5869
1660
6572
3136
3255
1860
3945
183
3241
1061
4949
1303
2917
9800
7077
9417
9241
7206
2878
5991
5455
4546
8390
6574
7280
8657
6910
4621
2462
1863
7559
9326
740
8812
9735
7683
3191
4312
2699
1053
884
7292
1787
8734
7405
3051
1487
1897
7859
7209
551
9580
5388
8939
4407
96
9613
2529
3469
8843
8918
6191
3337
1061
9144
3846
1590
8665
1307
3494
2799
4807
1072
4035
1862
3493
943
293
7012
5654
25
2065
1988
5553
217
65
6431
1787
5803
6256
5169
5672
5033
435
6262
6666
3362
155
8827
114
7015
55
8709
4756
9353
8146
7649
8587
5103
4064
4230
8130
5769
6676
1567
1407
3305
9081
5011
9793
9929
5297
5925
1940
8803
7481
1484
336
119
8269
4830
7448
2232
9534
4512
3537
7480
1954
895
3014
9489
9455
3104
6522
1541
2705
9057
6159
3528
1932
2081
5251
6755
8509
6790
7657
4418
876
5947
6440
1301
8167
5428
6641
6533
9408
682
4811
9154
5091
1750
6407
5976
6277
1560
8272
2036
6061
2767
4433
4353
5913
9605
2286
9076
4545
9635
2533
8440
9169
5875
3646
6228
7002
1688
4414
7216
5436
6651
6412
2452
7230
4379
4915
8363
1829
2111
796
7121
5772
2797
2784
1128
2602
2247
3695
8832
681
804
8714
5643
1017
5369
4346
7209
9901
2275
6443
4385
7709
4436
7546
5460
3331
5902
2715
6262
6971
1176
2729
3632
155
87
9114
1258
2583
6975
1625
2282
8931
443
2936
7714
8335
3710
1724
1061
908
6357
3316
9405
3250
5075
5149
2511
5875
1275
7882
3490
3322
5291
4304
4402
9490
3939
750
8163
6699
3443
8740
7827
5817
1889
7645
6994
3432
1176
110
9766
9540
3655
7976
8571
928
8500
1591
3557
4193
5703
8842
7644
9148
6794
9137
3217
3924
1964
1928
8867
9034
9129
8526
8727
4420
2000
1875
8113
6289
8938
7534
7640
1811
3917
3748
2648
1395
3802
5638
579
6271
1369
9793
2809
8972
7317
1865
1367
747
6335
8336
1305
4461
9117
1024
8968
6556
9443
8776
1456
8613
7280
7533
3459
2051
317
6503
1276
2862
4428
728
5233
9125
2386
5307
3255
8935
3213
1926
1588
758
788
4009
353
9736
5546
8990
2387
2429
137
2129
2787
4794
5918
1840
1748
1554
5547
6833
4990
7905
6637
8086
4926
449
5189
4252
1129
6835
7748
4698
3904
9935
5678
2257
4540
8654
9854
6615
6908
5500
1108
6621
6802
749
9670
2364
5103
1210
1308
8662
5751
1524
8877
7640
9705
6473
7647
2038
2265
7118
9073
6442
8995
1506
5066
1444
7757
5550
3002
2342
9248
7722
3836
5120
9413
6166
6651
4813
366
7228
8766
7718
86
7187
7702
504
8272
9223
4838
6619
7737
5063
4863
7751
152
8470
2756
1163
6471
9875
3751
2859
671
1251
6230
5486
9238
2908
2982
7104
2555
3432
8193
7339
1476
5885
7095
7774
9192
7850
8272
5989
1388
2071
147
8740
9607
2401
934
305
2528
3125
547
5191
5841
7721
411
6588
6994
5698
7784
1170
1640
5374
1049
9163
4612
8343
1290
1677
8777
1190
8711
87
9565
419
9695
1212
9364
4486
6655
8008
1737
8121
4286
6393
600
3350
9514
6792
1719
4261
2898
3395
6072
8289
1866
1781
2230
395
418
7007
7897
4533
6177
8573
7250
7321
4459
4780
1894
2645
6810
2413
5253
3075
2162
1200
2462
5268
2102
1261
9549
4697
6207
4130
7105
5214
4586
9805
1520
3035
5360
483
5102
9510
3075
4733
7909
4731
9139
1527
6980
1052
5854
7867
6708
2103
1300
3946
5492
3135
6047
744
7142
8445
1522
2586
102
3447
9240
7102
8644
527
9588
5124
1895
1516
4481
5152
535
8120
1019
9814
4257
8184
2882
6741
4496
6325
9027
8588
9408
5224
8340
8927
6374
1662
936
6447
1778
9360
4505
7514
7661
8732
8592
9327
4954
4325
3346
9180
3291
31
4845
6469
9908
3082
4725
6303
9977
7433
6405
1984
6924
6340
7276
136
9969
8474
2710
9420
5212
4007
8176
3861
5897
7699
4538
7496
3811
6794
4007
2512
5806
5934
7789
9468
5029
3639
3505
9392
1421
4988
4000
8134
1519
9151
5653
9118
7208
7980
6148
4909
6532
7840
3614
6488
3964
2050
9903
1506
1881
4393
9276
3823
3352
2665
7197
3240
5060
8736
8542
3558
1299
8410
296
4481
6461
8357
3664
7725
7336
9768
8676
2
5502
177
5334
892
5301
8616
2224
8998
9557
3834
3890
8468
9023
828
3951
4318
2118
3096
334
1723
2417
5013
3091
8604
4425
2974
1418
7359
7761
7870
6024
9766
9886
3534
2456
9947
329
5691
8360
9741
9072
6485
27
8338
3436
2313
2000
5051
4782
6302
7400
6441
6523
3964
7818
6498
2139
4495
9771
8894
465
9438
9174
5126
1230
688
3707
6473
5739
4404
6088
966
2513
382
1825
5529
43
222
3267
7106
5144
8727
7174
4825
9001
5532
9571
8921
2687
2846
5472
9298
6545
1753
2116
4655
365
9025
3306
1822
1662
6879
8363
3323
8755
349
2590
8915
2361
3224
2116
2839
7942
7936
1091
6186
4987
3290
2669
6057
1021
5052
918
5471
6255
1716
5934
7808
310
8120
7996
8417
2203
4248
803
2759
9389
2040
7094
8826
9131
6225
9021
3491
10
8698
5917
2658
4041
4621
318
8802
5374
7900
4004
4069
6299
6689
9605
7268
168
8686
1342
4360
758
5366
6847
4994
8886
7466
6850
4827
9893
3496
3879
2166
3554
6146
5324
1546
8950
3785
7563
3226
3309
2938
1209
1726
8936
1687
7576
1370
7383
2373
4067
1370
4425
5091
9161
7486
7090
2041
9827
6543
1125
4839
8526
6304
4263
3766
6122
13
9398
1611
5850
7543
6828
5325
828
3837
2027
2135
7154
916
5121
4893
6309
3334
5119
8307
1913
2431
6012
2640
7567
4007
4538
3576
4468
3678
7882
6722
4218
4976
382
907
3258
6727
1468
3536
6173
1482
3356
9731
8307
2788
4885
9617
1169
3156
1522
2938
6196
6023
4989
413
2269
5550
6105
6100
4011
5156
5152
1080
7323
9126
9827
7855
8112
916
3251
7329
5078
9472
5085
2498
9421
2685
7652
2384
3537
3865
8541
1195
8772
1530
3599
6554
647
8630
7504
6845
8492
3670
3310
1087
432
938
293
5352
7175
6742
3839
9233
2898
906
3019
2179
5608
5196
8317
2042
734
7157
655
1819
1003
1218
2929
5228
4204
3691
64
2889
5225
3206
8283
2393
2182
8135
3877
8775
6442
7641
506
9503
294
2460
179
5808
2937
1275
9763
1399
7838
8974
8885
1206
6504
7964
6457
354
391
4268
5551
8406
949
53
1946
8763
7371
8901
7837
1381
1175
6571
483
8312
6896
196
5371
9902
4329
1400
3662
5999
6735
5690
7229
8384
5952
8752
7772
6298
43
3622
2066
2865
4350
7797
3316
974
776
9786
6422
3814
63
1298
8979
8985
4801
7040
8248
1683
6593
3427
598
5740
5223
2633
8166
2957
4794
2002
6579
7379
3005
5657
3139
338
4655
5640
6743
4417
3374
6900
9924
209
1040
2937
6540
5672
1354
7210
7586
158
1319
4279
7877
4621
1335
648
7197
8529
9762
848
8209
2704
3947
1634
5555
4496
2404
2433
1894
7429
4129
628
1640
8142
5488
3232
4797
8139
9053
8697
1794
7363
4155
5693
4945
9633
1568
1018
7266
6796
9125
21
3196
372
1888
7591
7580
8016
2353
2290
6721
9775
4348
9401
3488
3939
8904
5590
2888
3477
6738
9223
1126
6850
8787
9746
5086
3543
9667
3695
449
6725
7154
4975
4794
3507
4754
536
9973
6056
9406
2636
5857
1144
3220
9957
7776
3604
5435
5805
8523
2213
2476
4801
1053
7135
5692
1154
9108
4497
4867
8737
5945
4243
7667
6348
3292
8719
6704
1162
808
4338
2468
2884
4952
4972
2798
9388
7037
1443
415
7120
9731
7746
9022
3820
3188
749
5777
4001
6494
6014
1845
8527
5116
7165
473
5804
2198
7442
3742
8625
7116
575
6081
7585
7781
1845
9917
8693
602
9578
8753
3595
5842
6596
2810
5381
7919
8639
6020
8312
2804
6079
8684
2869
245
5960
7363
9207
4285
2344
8420
7945
8078
4417
9683
4054
7756
8287
5382
4357
7941
8805
9093
7100
5238
7146
9831
6985
5341
3751
8711
4579
7427
2068
4010
3762
5294
9579
8346
49
7829
8713
9094
6117
5020
5103
9444
340
390
1723
8403
1891
695
6963
9562
9805
3154
1945
4049
7596
2582
5181
91
6128
1391
5042
3998
6003
8977
1934
2953
9581
3163
6614
9251
68
7830
4669
6576
9055
2382
4633
7738
9323
7440
9180
2956
1268
953
9925
5435
2669
1514
4166
8245
2496
3644
9172
2198
4153
8432
7608
9904
2001
3774
8654
5810
5789
231
4322
8312
1435
1429
4241
5522
7446
4458
4236
9741
2003
3514
3482
3689
2910
7438
7080
5433
8370
3145
5393
3663
9178
3279
4393
8188
2330
1852
8540
8841
8368
9094
7687
7292
1393
2928
8867
2787
7267
2333
2827
6980
855
3940
2387
6288
5001
36
2404
7425
4458
3137
9907
8919
3436
9653
1211
4117
4966
6424
6908
5905
6081
3165
760
2856
6289
7679
8409
4108
9773
7571
7217
8693
3350
9659
6868
74
9257
4189
7988
2504
5850
1447
2805
451
527
2052
2099
5182
911
6
5986
852
3273
7604
2666
8916
3502
6657
1434
3913
2013
5300
2013
6350
90
8361
2772
4913
3189
8506
7449
3615
4011
1225
1375
6338
1531
6284
6817
1067
5139
9726
196
1342
2197
8975
2274
7094
8605
1145
6238
9079
5654
538
7157
5382
4381
8984
4845
8829
5249
9949
6941
1692
5472
2129
7606
8505
6994
3662
6176
8566
158
6432
3038
5007
3362
3504
6473
381
5445
5693
1758
1907
4229
8004
7301
3207
9473
7811
1250
1907
5108
5595
2879
1888
9275
6109
7334
2692
8987
8872
8906
7919
4660
4187
8830
4364
420
5888
4949
3666
5109
5103
8007
8877
5438
3583
4476
2272
2694
9714
3824
1023
4524
1202
7884
8737
4561
9808
6006
8699
323
9247
1811
3073
6643
4622
9973
1085
4562
3745
9981
8794
1856
3745
9766
2707
3875
5154
3780
8387
2458
35
765
7906
3253
3892
2710
7177
2069
5740
5925
3633
7078
2684
6689
2690
829
5166
127
7244
8785
1174
9755
4071
7968
5202
444
5436
6484
5165
3358
3705
7767
4311
2554
804
1409
8755
8011
3016
6336
8293
2031
8721
7814
1489
81
3420
1728
4841
5810
9018
5152
5720
170
9158
4863
814
3735
3673
1194
1101
4866
6197
1694
6696
8800
5463
5506
2942
2048
1599
978
1305
4015
5876
2213
2610
8823
688
2404
2847
5853
4538
3830
7765
3065
7142
6284
6699
9975
9591
9753
3178
9290
5328
7906
6117
7163
3023
8157
6783
8606
5092
3882
9068
9240
4366
1149
4721
7966
4872
3540
7854
3155
533
1902
7762
4062
4827
744
4781
4030
6628
8795
1759
466
4576
1760
1851
6612
3371
8887
7596
1149
3409
4599
3037
1193
7838
6080
726
1491
8781
2912
3465
7435
8955
1958
295
9862
78
8089
3769
8035
6039
7664
1858
3710
4295
8845
3452
1554
8469
5026
2463
5780
14
2363
4136
9059
5933
9767
8260
4909
9703
6049
4245
4907
2600
7759
7954
971
5848
7709
7700
5994
5892
8032
4347
2188
3878
1905
1926
325
9651
5741
9187
5484
7795
746
4427
3033
3615
1288
9397
5543
696
4865
6638
2828
2885
1407
5401
6357
8509
7629
2869
5121
8512
4027
2544
6404
8954
1262
1619
4282
5097
8757
2879
5331
1233
1037
390
5833
9523
9383
9788
2627
3544
4195
5287
2697
2887
4290
5458
2857
3803
9431
1270
3393
8593
3219
5903
4713
3914
3535
3221
398
9804
6788
5363
479
3866
2906
1059
6885
2647
4210
3395
5192
6738
4854
6253
7059
1505
2802
7165
3143
1251
2460
8233
7997
3953
1392
5193
2731
7551
3391
5899
6093
7161
7961
9400
1772
5139
7936
3968
6909
4827
241
5655
9399
4816
1588
89
1407
5298
9378
1017
5038
7552
7759
7306
1132
1589
2147
8734
1570
4021
6769
3626
2561
9352
9641
674
5928
575
8132
7132
7563
1770
5421
8802
9639
8662
3595
6692
6655
7708
190
3476
722
4320
5659
4852
6606
1834
632
894
1444
9262
9
690
5214
7270
30
7316
7053
5366
318
2333
9622
2762
9139
9900
2681
2779
7223
5516
849
7630
3451
5012
5703
8260
48
6636
2651
4113
173
8304
4944
1409
3847
6202
8251
6668
2081
2227
8449
7350
2788
4508
2017
6493
5922
6471
716
9952
667
2257
2550
4263
5829
7190
9593
851
3649
1143
3369
241
1009
8344
5219
6463
7155
6770
6592
1567
5199
7914
3706
2913
7878
9242
9145
1363
1690
8157
2529
5793
8375
753
4478
7092
3755
2729
5749
14
5326
2849
4037
8319
5459
1564
4280
6806
7248
7616
2996
2511
3907
9460
8291
8292
9839
5565
7530
7169
4225
3143
6777
2452
2310
7648
3908
703
311
2740
5382
132
585
5546
9850
4663
9552
3691
7694
2383
5764
9216
7995
9579
7618
8438
2508
338
1997
7706
1356
5988
8608
8819
2836
3882
3817
4021
8230
302
4329
7702
4295
1073
8132
4895
3916
8670
7340
7158
1986
3109
1016
6170
3433
9980
1751
4531
7902
194
9582
5981
6843
7622
2285
5563
9306
1331
7318
2287
3759
1340
113
5955
5001
6
6766
7846
9579
7821
2955
6198
3060
1681
8271
9039
7715
6455
6905
8649
5065
3652
9937
3460
9131
5535
261
3327
1750
3518
9713
4760
2561
4379
7530
4421
3352
4402
2401
7497
4613
9196
7092
548
6862
4513
8012
7741
2907
7035
7547
9865
4003
1224
219
1045
7779
6462
4673
9491
8381
3660
4835
5173
4973
2172
5081
9219
70
7871
9526
2857
5160
7461
5150
2670
3279
4582
5016
8940
3624
8855
8672
7094
8615
6506
6841
206
7942
4083
3046
9008
2405
8690
8171
6637
8784
2725
4524
7770
4654
8047
3004
5698
2108
3415
4030
473
5973
361
310
7714
9992
1869
6362
3189
9091
6168
578
7441
6632
7629
6636
4849
1909
7030
155
1743
6226
5015
8774
3092
1450
8882
7040
4912
186
821
9873
9067
5942
9973
3965
9331
8773
7198
7490
3864
5895
691
5668
6996
5120
8999
5560
7596
8729
1101
1567
4702
2012
3259
3037
7403
4319
6618
9573
6803
5377
9294
8967
7324
8240
643
5921
5277
6900
2565
962
8919
2756
9448
7559
560
4264
5042
543
9894
4607
7885
4574
5028
9549
1172
6338
6880
2435
9864
843
4072
598
4305
342
1724
8464
1613
9466
6799
8322
4973
2717
2550
2698
7775
1461
2856
3645
9036
6103
8844
3441
578
3744
352
7309
6303
377
4078
2842
8905
519
9994
7172
7535
5111
3389
634
2468
680
5245
4319
6006
6088
2735
6057
5948
2994
5149
6405
20
3342
7611
8658
3781
7480
4742
119
1759
6893
4264
7503
9815
715
9213
6590
5166
5516
650
1285
1254
5110
5540
8574
371
9296
894
63
5475
8050
2518
7995
688
221
7869
3081
6491
2718
7581
2913
5783
2679
5779
6924
2292
3098
8788
9335
2584
5067
428
7618
706
8008
2014
7267
6113
3197
1615
6561
7871
6494
1347
9800
6929
883
2140
4087
8703
4684
4392
7644
7049
9025
1524
8891
1366
5869
4576
1532
2429
2857
9119
2359
1049
6926
3294
2333
9270
7878
7618
3849
420
73
4870
5920
2817
5420
5500
2327
6664
6250
5637
5477
9535
3531
5542
7691
1524
9540
99
2086
8082
6225
4103
961
7356
1469
1225
1367
9635
9813
4348
9688
4359
4995
8369
332
8381
6094
3133
6404
6368
4805
5866
9375
3508
6962
2402
1555
8798
8633
9815
1737
9197
6055
4693
69
1691
5819
8884
406
7527
6390
5642
5790
4540
8989
835
174
9777
75
6726
2409
1303
7241
8474
6608
6108
7046
7438
3561
5712
310
7144
7607
5245
1390
9139
5766
7903
9396
889
4081
2827
9945
8244
7804
1494
978
1209
2343
6379
733
5107
2114
1196
1592
1263
3509
1682
700
6373
7887
9957
7812
334
2385
9179
3232
3853
6573
5824
7877
1397
9854
1939
4698
6835
7450
2875
2621
3807
4022
193
2412
3059
4467
2736
1574
2915
5227
5507
430
4715
4333
4725
6628
1063
2382
3702
4677
3812
2372
4160
9738
73
590
6916
7520
6064
7752
5804
7332
4628
3478
6834
9308
1208
116
4936
938
7747
3693
6188
8517
4147
7858
9782
9251
7565
4947
2275
6584
2865
7597
5490
786
6284
8350
3897
7469
7654
1957
4481
3773
520
7009
7097
5443
7283
2889
9203
3402
893
7379
717
4188
3266
8796
333
9836
5056
366
826
15
2240
5251
9290
7328
9255
7953
4272
9822
7681
9087
9001
6110
7680
6204
1599
3465
2277
5540
3573
5515
6597
1515
3783
5527
9000
65
9770
7484
7634
1521
3580
9018
144
2882
6708
1329
9429
5357
7302
9377
4854
2714
4174
1577
8277
1636
4652
5984
1525
5555
7334
7780
1799
33
2524
3401
5992
4783
3113
5166
990
6248
2005
4805
6297
3206
5593
4569
2790
7982
3027
106
4097
8436
898
7466
4737
6898
4663
316
7168
8587
3534
6738
3747
4855
1084
6911
1400
7098
7995
9478
2667
6989
9451
9386
166
1419
2134
409
4345
9941
6032
7921
335
8738
359
1775
503
1379
2998
6276
2442
8024
9737
1442
5314
213
9262
2597
7751
5862
5050
1449
4131
9273
9620
7175
2989
9378
3245
367
6510
8689
2769
5693
3854
7670
2835
5379
8604
103
6242
4687
5083
9245
4295
2127
2057
8146
6051
7472
7170
5235
6915
5239
6545
4866
6634
4874
2748
6854
7925
9180
1028
9578
7988
87
1072
6569
5807
686
6052
7754
5906
2042
1032
3677
149
3418
9273
6080
7386
9923
5450
189
1544
8789
5660
3088
4323
4595
3422
8408
2619
2518
7830
6604
4993
469
6311
6059
6214
5378
8669
4075
6742
1447
7707
6952
8185
3279
4696
7724
2468
6518
1200
4362
1205
3328
9824
8930
6512
7246
1127
7071
9890
3716
4150
8501
7756
4746
2370
6784
6167
177
4093
901
2702
2343
6365
5924
455
6125
9686
2738
8837
2578
8185
3249
3891
1118
7935
2059
5468
7223
4075
3323
2224
137
6887
8337
8560
351
8453
9502
6450
2389
1622
5461
9924
1650
9087
6890
9767
5649
6972
8467
8437
7331
5476
2005
6851
8595
2840
6053
3688
313
2642
284
1343
769
7807
6811
3109
3574
2848
5873
1410
3241
2620
3971
3179
1815
7935
9336
1864
7508
7442
5881
3084
7966
9265
7570
7374
8298
4265
781
9786
6043
1471
2793
4370
6682
9926
1071
1325
8755
3477
8291
4194
6400
6311
8412
7494
7770
8292
947
1287
8028
3900
6978
7559
7523
4746
9709
163
3005
8130
8695
8072
6248
3070
6310
466
7573
2751
8171
6520
8143
9313
277
371
3007
4907
7590
1337
3027
1822
8955
2599
6413
9006
2884
2509
534
9323
7964
748
7602
7198
3952
6192
2905
1545
9594
8941
330
5106
9350
5187
5317
2543
9669
3169
9811
1652
4133
3319
3283
4947
2734
7375
1970
7021
1833
29
9784
3636
6700
1726
7049
2309
8559
5704
4356
5310
9017
9537
5033
7023
7859
847
7687
2922
7477
8156
3530
7234
1870
9637
8662
3180
6062
1706
6694
530
4966
4220
4751
8537
2371
2356
7246
862
4858
6515
9792
3241
7521
1867
1167
5348
8655
7664
6738
6554
4607
9906
716
8399
7125
1952
7934
4957
6273
3626
6805
9732
9911
5922
5790
8561
1180
3409
5578
2507
991
1604
5779
8487
2806
964
5082
6076
4295
5888
6155
897
2957
4279
3136
580
6439
1879
8468
1033
777
6923
4824
3729
9108
2382
9095
1247
7138
2483
9570
9958
8293
4835
6471
2413
7027
876
9138
8695
9685
201
9526
9701
3511
8192
3380
1628
9930
9691
4551
37
7213
6932
4734
1736
3678
1504
1404
7134
1758
4618
1613
5172
9510
8931
3537
4211
8047
2903
3113
9935
1675
9446
3469
6692
6466
667
4594
5620
6409
9901
9783
5440
6805
7517
59
4351
6931
2008
4060
3741
1494
9673
6494
8608
8259
7216
1787
6528
4494
4027
2748
8149
4531
2366
8876
3568
1973
1508
7731
4562
2037
9779
4310
4294
7016
5469
1030
3084
445
9419
4674
3020
1128
4934
469
6752
879
4072
1070
1710
3156
2281
2139
7880
1331
2979
8345
1490
3022
9745
6942
120
2696
85
3945
4187
9043
5382
4139
7256
9874
2732
2260
1839
2144
6194
9028
3171
5324
5649
8870
4072
9684
1679
237
8785
9835
3889
1694
5780
7682
134
4187
2460
2400
4291
7001
8784
8228
1118
7
2167
5697
1283
9854
4605
1373
8771
1037
7092
2225
1537
6227
97
1673
5473
1594
8218
6315
3304
3104
8609
765
8449
3600
2043
4897
6464
7594
977
6729
8856
1302
9638
9632
5478
5922
6156
6588
5487
7904
6001
4520
7346
4291
3033
3655
9737
5825
3775
83
3031
9473
4289
2474
6417
7265
3101
424
7395
2838
455
1101
7545
7990
8382
8267
5486
6347
4683
4496
6973
4395
8163
9720
8518
5437
1741
643
1523
499
7735
6990
389
7636
9629
5654
377
5018
5791
3078
8404
427
7675
956
4808
2092
6233
416
9654
5147
3744
9041
7457
7674
5309
3998
3210
6206
4773
4869
2745
2526
3678
3626
2908
8692
8479
7077
4085
7401
8254
8085
6889
7699
7861
2410
770
4195
4640
2439
1958
8363
9855
6079
4873
7978
4652
4702
3983
1018
9901
650
2975
5782
9945
4078
2812
4243
9605
8479
8580
8513
7773
8194
8720
2615
9448
3303
1338
7429
4764
50
9425
8811
2706
1907
4238
4951
5152
3988
1537
1634
6205
4956
7533
2620
5140
6039
1647
2329
8619
968
4069
505
352
7227
2480
4642
8932
4310
6383
9433
8836
1260
1724
8
7354
142
1375
6667
6227
5018
1381
3520
8157
9116
2998
7157
9517
628
3356
6962
9483
7786
6990
8720
6649
2109
7804
4516
6552
9867
985
7997
2523
8245
711
3489
8917
1651
325
1841
5871
5276
7992
7082
9899
7098
7145
4197
9316
7982
8183
3520
8559
670
6469
6507
4645
292
9741
4909
7291
3411
7476
6309
5663
3766
8353
7642
7432
6195
1412
9827
4586
9780
5781
746
4645
7
2980
8932
7047
6416
4363
4976
5678
2094
9842
7495
8849
1729
4679
6043
2598
2847
5975
7812
6986
1972
1152
1050
5057
9950
8584
7897
135
9480
403
6985
7318
4198
1162
5859
2787
2571
7303
8998
5885
8017
323
6653
9087
9531
7718
33
1741
7211
4949
9775
9015
2979
5687
3433
2712
3365
5554
9385
3820
8366
4195
8671
1959
3493
5956
1980
1859
8309
1624
2756
8466
9602
286
5517
7488
5933
1100
4267
8408
2418
1244
8676
1834
5802
9723
9181
805
4902
2706
8358
4515
6628
1940
1005
2003
5318
7791
3051
1198
7138
8666
5173
9197
3610
9920
1240
4497
6787
5216
858
7374
1228
8885
4031
7951
9303
4006
8891
9670
7224
89
3530
850
825
4585
7587
6660
708
9091
7779
5485
669
5495
8606
5004
2663
3131
3625
5206
7644
7626
6429
7387
4143
2234
8042
4467
8405
4173
248
7458
7671
5287
1144
7509
7234
7862
3809
4772
9315
7261
9312
9829
6206
4608
7364
4869
334
4574
8391
3231
8983
3235
2919
1576
1881
9728
6343
4684
7296
666
2272
3987
7382
810
9828
5208
6531
1894
8442
1410
4262
9147
7357
3357
1665
5858
2093
9526
4897
24
3696
7634
4834
94
1027
1618
4672
1931
1896
6899
2213
2323
2076
1382
6569
5880
8301
2865
5513
2539
7769
5434
2504
8808
4932
8538
6347
9710
3746
1084
3684
2964
4871
9376
9613
395
7258
5509
3208
1831
3789
9778
566
7448
9923
5461
154
3434
8598
5455
9043
7483
7716
1896
4482
9644
7190
7594
3921
7108
3794
9110
8658
8125
5968
3023
6407
9967
5283
72
3536
1652
2274
5810
38
416
9628
2109
8953
567
1123
2674
5219
1166
7860
8245
3146
7189
1804
8936
1737
8425
7367
693
5063
7764
8580
5445
6508
8970
4635
2585
7800
1681
2024
30
1279
6190
8257
3623
959
7350
5937
5407
5670
5181
6756
7975
8927
2165
6668
1665
7702
9934
2947
2806
9967
7695
6291
8456
7480
3275
9863
919
8243
4273
2510
2603
2860
6570
7875
3101
3023
1216
2152
4885
6274
7660
2544
7376
1237
1409
7128
6900
5231
9429
5118
4956
9239
3939
6029
6849
7834
6789
8464
4612
2575
611
5667
2096
7657
9528
4704
8376
3598
3150
6472
4736
6044
2536
8877
2839
225
3981
7239
4099
4180
5044
1472
7541
7275
6832
1447
2012
9911
6582
4285
3903
7410
7291
1268
6361
3641
5656
328
2522
4483
6245
566
668
4579
1600
2712
7264
6296
3997
6636
781
8208
6999
9136
5514
7868
8373
545
4192
5636
6577
6218
4304
49
6621
2046
8126
2356
1024
3328
4034
732
2921
2104
7523
2021
3899
8870
8342
4524
7532
7711
3510
7412
8305
9717
1280
8410
5299
387
7882
7281
7620
5696
8206
8119
1194
8166
9867
6629
2857
9215
7231
6214
3141
7669
7982
8960
6807
7020
9244
7390
268
2062
1498
1316
4063
8565
1909
8351
2473
2925
7234
8311
9837
5069
7937
6206
2885
9720
4636
3519
7120
7009
243
9632
3474
1278
8692
3989
159
1945
5288
5390
6209
9728
2570
4620
3244
7016
3241
979
6785
371
4890
3365
5010
5842
1675
1885
8424
413
9749
2811
2295
9649
9749
796
4741
1789
4583
1378
2144
7500
4480
5700
5301
9301
6202
8830
5036
922
297
5909
1763
3987
4161
3619
2699
6005
2414
4880
9213
3324
1828
928
9064
284
9029
5904
4935
8474
6693
5292
2882
3368
9609
4695
98
1983
1287
3842
6201
9718
1854
7927
4714
1810
1587
1810
9366
3346
1780
5814
1420
6431
3530
1788
1472
7168
449
9158
8164
3613
7284
8684
9446
1711
5586
9336
793
779
2477
7796
9858
3304
1463
8313
3941
6413
751
8987
896
1436
3902
4440
9829
4923
4054
5547
2665
9458
6003
6588
2585
4844
920
8169
9311
172
8732
1827
6541
2800
9635
1978
6636
396
5289
591
8819
8664
2863
562
5962
7693
4448
9920
7748
6426
7313
2934
1273
8022
4480
1537
4773
6259
2102
9802
4601
7220
7431
5226
4772
4414
587
8720
7318
4626
7237
4128
2725
3846
2111
284
2163
8991
4911
1559
2167
9675
9896
9258
1720
2176
8528
8641
3787
9242
6618
4253
6340
82
9243
1874
5569
1149
4163
4923
5340
1785
2163
8649
9507
2031
4761
7609
6738
8157
1567
9965
2921
8693
6559
6063
175
8293
7295
9997
1592
3077
799
8060
1117
598
1696
1999
2761
7561
4272
8766
360
8745
3454
5854
2994
1766
4176
4708
7124
4097
8851
8380
8407
2414
5597
483
7119
3488
8137
5923
3957
2428
1108
4377
5236
1842
6605
265
9740
1888
5875
318
6804
1108
4688
488
7111
2495
5322
3970
5317
7991
5335
71
7310
4015
5097
2753
7922
4692
2374
6127
614
4434
4517
9862
117
6798
6028
3857
5175
452
3294
3907
6240
7228
8645
5025
3634
6940
9808
5849
739
6401
9558
1531
7239
6239
3237
6775
4756
1866
4725
7278
2440
855
2531
8769
2743
6816
8018
5689
2494
6990
9122
2640
4580
1326
4807
2804
8494
9253
102
2717
6360
643
2933
7923
3153
9726
2985
9359
4125
7480
5142
5175
6051
255
3045
2189
9150
2523
1759
4523
1540
8752
162
5554
4535
5228
4067
8984
3459
2460
2295
1057
3550
2163
3056
9063
8521
3395
8212
9836
8237
9697
4202
4098
6509
7260
2824
6258
5575
1782
588
3476
7424
9221
2711
1905
5346
6260
874
9614
8299
6531
326
7694
9298
2720
1812
8173
849
7488
9078
5918
4268
5663
6206
6282
2416
2834
7080
6819
6265
5807
6862
4733
8950
8329
4516
4337
840
7534
6640
1408
6342
3716
2657
350
4002
422
5491
1861
347
3207
9829
8256
2016
7406
6000
1296
4845
3414
532
418
606
3217
8519
7894
8843
587
6982
3525
6537
6714
1222
5004
8684
888
514
9906
3915
6950
617
6057
3444
3637
2765
1730
6496
2476
9733
3723
9426
6907
2932
3913
2235
7221
4776
3516
9416
7905
1573
4897
3686
9574
6479
3190
7915
2206
3584
4777
6262
1566
3822
1776
9612
6206
6280
5878
635
2430
4106
197
1166
3604
730
8106
998
6974
2368
5993
4080
1680
4049
1609
2150
5934
5932
4923
8158
8363
9681
322
7599
407
9370
6034
119
709
2416
9535
5084
9794
6790
9074
3799
9359
5654
1628
454
199
9069
1373
4608
8413
1927
4774
279
6630
1931
8857
4866
5558
1461
2175
9782
8770
7553
1136
2047
1443
4964
6422
3239
2824
8242
9154
5918
2303
6074
64
9721
6165
8908
790
4238
9399
2115
340
7083
1870
2567
91
7128
95
7793
303
4957
8618
5186
9347
37
1109
3568
8818
1993
6005
8965
774
7090
4731
594
6996
9343
3457
3461
7882
4739
3169
7858
9632
1971
3786
57
9438
8106
2026
624
2091
4339
964
5573
128
1848
7927
7573
6184
1560
969
7275
9679
9787
8741
2740
1118
97
9205
9967
330
5118
6041
5173
9430
6232
4134
4498
4090
3077
7595
4296
9239
303
817
8251
742
1350
2782
9966
3123
6277
9239
4339
3680
5095
7580
9504
9393
3456
9266
2577
8438
999
3419
9166
9698
6180
7893
3178
9339
8177
9115
8810
427
4687
5036
9163
7291
6689
4842
1472
5916
6493
7213
5357
7332
9556
8825
8192
330
5358
768
8888
1563
6048
9741
2602
620
5904
1774
8780
8950
5487
5496
6979
5388
8576
4746
5332
6116
2120
6603
5120
7082
1250
3477
3046
2982
4848
9434
7364
6420
3169
851
9809
3571
441
2088
2607
6643
2917
7658
2382
8456
9091
1954
8091
7358
3723
5134
703
714
9194
4004
8332
9291
4232
9568
4275
2335
2097
4666
6406
2150
220
432
7250
692
8965
737
1635
4051
6914
479
2462
958
702
7993
7329
6060
9841
7694
5193
588
5474
2257
1664
9204
5247
9839
7126
9278
579
5998
5307
4420
4045
2902
4981
7187
4904
6321
7553
248
2888
6999
7834
9753
4984
7003
591
4754
231
4000
9760
4212
6554
6489
3122
4736
1256
6145
3267
460
7892
5950
8769
7046
2298
2156
7571
3607
7249
4538
3156
3753
8211
8132
4240
2072
5484
6985
7821
8421
9175
6289
8573
1795
9101
2720
9329
5163
8928
9081
3984
2429
3219
892
1427
5339
9379
1345
3262
6923
4106
3945
84
8435
5282
8073
7687
7538
1508
4370
376
1671
510
5001
6360
7843
174
4050
8369
198
7582
5890
595
8657
1155
2614
7693
2008
9743
8343
5164
1127
378
9553
6326
6726
4735
1893
1557
7297
5323
1096
9164
6616
7739
3742
6626
6313
2271
9310
265
5927
7658
5756
2518
3071
6862
4135
5704
3365
4453
6729
556
9690
7676
929
7082
1286
6437
1337
7537
9309
3711
9605
1490
8931
5996
3352
2178
5073
9320
2372
2312
4040
2856
5086
6519
9733
4337
4987
2568
7036
174
7241
8925
5846
8612
5466
3479
3434
5293
9530
230
2778
9661
2850
2711
8077
7032
8573
2195
7002
7470
714
6929
8453
216
3350
333
2593
1975
2524
7250
296
1276
2297
9771
2433
4292
6271
5032
9093
2737
5963
7788
4652
6978
4333
5100
3810
6634
911
2581
9067
8295
3314
5678
8726
9228
6437
6927
7608
872
901
1396
2966
6561
7243
573
4545
6463
1166
9258
9402
8600
6967
7376
9338
9872
5288
6557
8623
2650
3583
7116
9680
5172
2201
6937
7192
2993
1827
5775
9192
3867
8232
6246
764
5406
573
9040
406
5728
4518
8288
3280
240
734
9625
8086
566
8796
6133
4240
9949
2409
1506
6544
198
4045
6633
8872
3305
9684
8382
9176
4371
5585
6899
9198
5698
848
8867
9237
2
992
3257
1675
1405
2394
3970
1465
5216
6418
5985
6148
6281
161
9464
20
7583
7834
3855
2236
6061
743
9081
7311
173
5377
4429
9132
3997
2544
9955
798
3810
6882
5663
5961
2729
3348
1338
8040
993
9517
433
251
2136
8756
5184
3583
2011
1445
2871
5655
401
2822
5539
2672
7719
8833
9005
121
3919
3282
2970
1653
4880
256
8721
5250
142
1506
8821
4634
204
9691
3255
2764
7954
3902
7128
2162
7196
3284
9528
8808
8921
3880
8235
3045
3247
1123
5309
5187
4547
5175
5062
711
4414
6687
205
7693
6636
611
9001
9437
1963
5099
329
7706
1896
7033
7916
3260
6723
8538
1511
2411
6708
2511
9428
3959
636
3945
4672
4433
2328
7672
1793
7139
6463
5650
908
4248
1465
4348
4001
8940
2321
3777
1502
6241
6227
5056
8051
8804
4890
4615
7308
9590
9614
1573
2514
3996
1533
7571
825
7242
4007
5680
3799
3977
8529
7291
5598
5476
778
5275
9739
6522
6445
9764
5867
8168
3257
7019
5767
2735
2175
1137
9936
4872
10
4936
8555
5293
9864
5164
7744
4541
1128
5979
8348
1010
9996
5252
7553
701
7005
7081
3788
9631
5400
7537
9929
327
5248
8627
5401
8890
6519
6806
1463
9193
9602
1632
4928
8501
6566
6990
9930
7986
7735
1861
834
10
3515
6812
8292
4389
9195
5025
633
7075
1528
2925
8622
1758
543
6736
7971
9033
2942
6239
5337
9022
2275
7309
1376
8507
3938
5090
8335
4228
3411
94
1983
9432
5986
5345
1016
3094
2624
2752
8929
699
3866
3940
8620
3359
8748
2255
3579
8139
1586
2063
1832
6107
4050
7756
5408
181
7898
5963
7252
6864
785
40
4123
5544
685
1006
9310
3943
2815
7645
2404
2593
9667
8624
3271
5811
7271
6218
1946
2627
4433
9108
6815
9727
6280
1315
5613
1472
1906
1805
6169
657
940
9894
492
3953
3173
715
5948
7603
6447
3630
5088
6482
1411
9054
811
7141
8453
2352
5682
281
3938
6449
8995
7892
4243
7445
2180
6622
5365
5871
5262
225
5574
6813
3122
4725
9649
3569
5296
4832
2159
7613
1329
992
3126
2321
2185
9587
9094
9168
8889
6567
2661
6435
9238
3791
6308
58
7456
9006
2120
357
411
7285
5740
9028
5769
8892
6731
5065
9355
4232
6518
2821
2676
3744
2796
1691
4957
3862
3026
9461
5220
7146
5360
9688
5381
5646
8596
3963
8645
6477
7258
4478
5203
8242
571
7682
9224
8727
9386
8954
470
8933
3643
9092
2942
386
5835
5156
3629
6526
2475
3185
8245
2910
1571
2297
49
5975
203
5306
8506
5695
6248
3954
6077
9467
4102
3634
3925
9546
4021
5526
5572
3200
3823
9864
1151
8894
7630
2994
8850
3397
1915
7256
9717
3715
8246
2659
1426
4006
2112
9715
2540
3664
9929
9152
8137
6706
9173
988
4921
7638
3737
3447
8594
3508
3957
9788
1403
3879
7078
1236
2500
8728
5675
8267
1003
297
839
7422
2532
2668
6606
8697
4841
6709
6522
5898
4808
3060
1629
8722
8316
6301
8746
7827
1742
5818
9630
4775
1053
8327
1787
108
4407
5318
1383
340
5934
8248
4791
1908
6674
7556
8471
4279
1605
6328
3302
5682
1039
4894
1079
6191
4640
1351
1063
4474
214
8753
3929
5022
2856
2888
3042
7171
6445
5932
9134
1824
4094
4767
5315
3490
529
363
5710
2598
1207
226
1504
7900
8245
7566
3838
4865
3173
2018
7690
1915
3485
8981
1341
6586
3050
6786
9009
6322
3819
5805
383
485
5664
3496
7904
7405
4390
7990
3499
5171
7657
8969
1127
9264
8803
7102
2348
4654
5349
1428
5564
5470
8573
7886
730
1317
3352
5306
3971
1103
3519
7
1195
2924
8217
3893
3009
6796
3726
6692
1838
1211
9862
554
4499
9201
2282
4644
4054
8577
4016
119
1864
9458
8568
2070
2305
2019
7758
9756
2944
998
1775
5864
3711
4649
3833
6583
6077
921
2646
3402
4516
7150
2543
5260
1578
6172
3901
4112
6998
4628
7887
9123
1494
6053
5664
1716
7867
8737
8611
2469
6771
856
6792
441
8457
84
9679
886
5911
8357
8202
2697
2842
6635
8980
3521
8313
2216
4786
9865
811
1596
3719
3495
418
7227
1797
8303
8493
3502
8489
1437
5446
6189
1255
8633
7974
6836
221
4054
9262
7604
2251
8683
9605
3297
7178
3065
4453
5425
2439
9967
7550
6403
2139
8121
1358
7549
1223
3936
2959
8238
2085
5741
2801
3487
2662
9345
2391
952
5010
4395
759
207
8529
7859
120
2799
4995
6273
5388
7821
13
9426
250
2592
4027
4230
1473
4630
4979
3763
2643
3722
4054
5629
1594
2738
6791
6086
1511
4223
4785
2025
2327
3254
4399
7222
7349
6134
649
3795
7769
4685
9560
2929
481
3191
2252
5496
4892
3699
2898
3711
961
9011
6781
8740
8039
1278
7070
4604
777
4448
4869
188
5076
263
5025
4178
2708
9998
8687
5842
4559
6436
8304
5472
57
1255
2160
2241
4036
5945
8490
4485
5159
2259
5808
1238
7911
5642
5513
5663
6911
8168
9836
994
7250
6678
2890
7443
3456
9710
9289
7504
5202
5053
4842
1833
9846
4217
8781
2443
1844
5846
2568
6325
3918
3136
6379
6718
8581
1344
5323
4011
9864
7433
2032
4836
7584
822
4022
4504
607
2385
2027
9161
4792
2045
2721
2404
1739
7117
1625
1001
1698
3367
8008
813
1812
4297
3452
6282
7503
9691
5449
7197
5593
3012
3206
1898
2601
4528
6621
8179
3210
2764
6750
1638
2749
3557
8693
1657
2013
7420
1648
163
449
3708
8
5038
9986
5725
6594
1650
2022
3367
2506
3816
9047
842
4620
7079
2345
5191
5572
693
3718
9574
512
6419
7541
5237
795
154
1004
2628
3326
969
7332
3552
1908
593
750
1990
4791
7831
3571
7056
5989
9733
9280
2948
8284
7144
3439
679
127
5604
7806
6308
7781
5130
4088
1336
8817
1004
7623
8802
6694
4283
7276
4537
9829
3100
4046
8571
1748
8649
4562
9479
6279
2952
5282
9744
686
9333
9287
5336
40
2757
2878
1236
7055
6901
1755
9498
5753
7237
563
5550
2424
4312
9243
4714
3740
3251
7646
897
3715
4264
1641
7332
5823
8209
4756
2937
8128
247
7413
342
4704
8361
4546
7398
6839
364
9630
2893
381
4206
6869
2295
2005
8959
8979
8453
2207
3959
5094
6931
8953
5318
6602
4827
1389
6925
69
1933
4947
5132
6483
5085
2593
4684
7188
8060
8386
443
5644
3478
6001
5687
3648
6314
1921
8857
7892
2250
3277
8465
10000
5483
9104
5580
1855
5137
4263
4910
3851
9191
6684
6996
1756
6024
3576
5180
6297
2227
1218
6119
831
8543
6484
850
2703
6697
6827
347
421
8581
420
5501
4282
7808
6653
1489
2825
3458
8987
4237
3745
8942
7734
2931
7134
3904
2446
4043
4903
684
2919
3789
9204
5910
2446
7509
9658
8991
5301
6319
1187
392
7309
3787
1465
6990
8712
1163
2996
5353
9931
8861
4187
5244
2149
4706
1888
4201
5326
4882
2322
6390
707
1249
4137
2985
179
3815
5076
4173
1305
5471
9907
4951
6150
6630
4141
3971
71
5500
6294
2330
5983
6675
1226
4983
4980
1262
222
1728
7202
5639
3143
2351
3244
6824
5836
6485
7574
9473
4284
5535
4615
7184
1334
4271
3121
9255
5560
9713
4877
7399
4627
1033
5904
9813
5541
4205
1579
4781
6422
5165
2916
1153
2259
3737
8621
7207
9061
6203
5693
6457
2367
6116
9779
8736
1682
2756
7390
7750
4953
6217
7868
6714
5302
1750
4446
60
2864
2542
4799
2527
5374
1214
8759
8000
4053
3201
7015
9966
9900
9825
636
7883
399
7577
8783
7284
7467
6202
1222
186
8055
3619
7999
2520
218
5211
325
1214
6556
7758
5014
1723
2264
1552
407
5317
4572
6985
146
170
829
1468
819
1270
3134
9307
8519
7472
1147
530
2554
2121
8565
101
3195
842
7957
8249
7735
8
6516
1140
9660
2778
2899
5650
8103
1915
3484
8478
2777
4538
3855
9809
9319
3529
1856
1313
8842
7743
592
1055
1890
6836
1818
9178
2216
7571
2793
9639
9051
4481
2917
2027
1582
4321
4750
8919
4524
6394
4386
1475
287
6330
3287
1765
8741
268
2261
9090
7454
6937
9685
4165
9053
825
5712
9389
2335
2872
1941
9046
792
7248
6753
9390
206
7103
135
328
870
3556
2071
1018
32
5253
2750
3764
729
8512
1264
2385
7064
4625
7711
2306
2684
4049
814
2165
6036
3985
8641
5082
8308
9659
5659
6530
8578
3777
3770
9611
6021
5470
8734
606
1196
2695
1301
1686
2241
4668
1428
3126
628
7490
525
9854
363
2053
7854
6536
2724
5896
187
8253
2387
7541
308
1832
7582
7368
812
5477
8449
6849
589
7991
1255
3488
2359
5059
2313
2327
4283
985
5605
6604
7536
2030
2932
8876
2481
5719
6275
3892
808
8869
1961
1839
3905
6313
397
2645
104
9226
7814
7340
1045
1296
9353
4395
9076
2043
3702
8466
4905
7398
7503
9712
2073
4937
3680
2929
6622
1988
5745
3384
334
3084
5947
6393
2341
84
2616
8632
9447
6762
1110
7262
9245
5872
6439
7677
3456
9979
8370
6243
1061
605
1849
7478
6382
4821
7235
8146
963
4074
662
3667
7467
3421
6510
6925
7935
8988
5903
5461
3011
9681
8398
2419
2518
6310
2870
8482
4930
10
171
6490
3800
397
753
4078
4986
8220
5432
333
8796
8685
561
6084
553
3700
1356
4907
8448
8657
6552
7688
2920
7626
1360
4165
5217
6045
6213
2442
4439
7520
2148
6850
6474
5802
5500
8110
364
5147
4237
2711
732
1078
3583
7500
2473
4732
3826
3296
386
8895
6793
440
2574
8613
4751
2374
8223
202
5803
3863
8475
6229
9210
5808
1711
7424
5017
3274
8857
7796
4823
3097
5352
4826
8312
9770
6710
7716
5357
4547
8080
5918
8249
3902
4395
7694
3492
3408
2435
3493
8021
9982
7156
6286
9338
8414
7663
1676
1436
3409
6227
5264
8279
5943
4532
568
9095
2869
8979
5308
8000
5804
9203
8431
5601
1026
2913
10000
8165
3072
9439
409
4159
2661
393
1938
1782
9935
3986
6192
4345
1528
3060
4543
8937
9539
1337
2594
335
2350
7595
6375
9024
3438
1438
3216
1259
6125
333
3245
7801
8497
4473
7890
8799
1830
1476
582
4675
9963
6700
652
1570
8615
1607
2441
8795
174
194
6805
7379
1368
5506
2419
9642
5800
9005
4261
5880
2932
6745
3769
1813
4150
1646
3999
5935
2155
1843
2798
3291
6108
8137
5322
5412
6775
2835
6965
1592
5526
858
1380
1758
7606
2806
9779
5378
9761
7315
8787
3906
5817
5657
8485
5702
5028
7378
5727
4783
4712
85
5500
6001
1759
8230
6525
7720
6421
6739
9656
2442
8649
3927
2986
7474
9721
9844
9333
5789
4599
5449
144
9181
8092
2829
6533
1186
2648
6415
9231
7944
6919
2747
5553
6583
6400
1173
7911
194
534
8831
7474
6944
8398
9948
7335
8751
678
8684
6342
6753
7825
2711
4156
7256
6691
6955
6783
2471
9687
3390
9076
6933
4916
4391
6169
1495
9370
4578
1723
4844
5097
4786
8090
7790
9442
3914
8888
7778
7075
59
3777
5564
2982
5670
83
8694
9206
6688
2565
222
8351
1864
5211
6829
4791
985
8839
3897
2656
5007
8843
9295
176
8818
3889
7625
2987
7926
4494
3593
8681
8121
5250
1106
2937
9694
2524
9204
6974
1475
8978
5853
3100
370
2947
1166
5098
4216
1775
4269
5406
7298
5218
906
3935
8624
7246
4705
4523
1462
6219
5241
9855
5156
7494
6994
4733
87
4860
5775
8601
8116
1891
7995
1239
8181
5068
6922
2821
848
5273
63
6661
5383
6407
2984
3584
2466
405
2570
650
2780
2925
2476
1963
7292
9132
8855
299
4784
3957
2924
5454
8989
4257
8124
8854
1998
6558
621
2260
286
6801
5526
9659
7624
4481
3789
5582
1185
3354
3447
8535
1808
9224
7668
3276
6523
2600
7206
374
979
8602
5574
9797
4434
3111
8633
3990
6935
3327
3978
5007
7455
6397
4984
3236
4896
4566
3740
4271
3815
7446
1049
355
2306
2501
7211
2388
3211
4993
941
3727
2404
246
3588
1709
1189
5148
7648
2069
4151
9814
6363
6758
2125
1090
2116
4085
5468
208
9263
8381
9901
3985
1566
8735
2071
6695
8234
3711
4953
3348
9784
1862
4720
3495
7237
7039
6341
8373
573
1400
2163
2695
2706
5968
809
6599
8543
8617
253
4097
1439
7881
65
1215
1008
3186
8536
4377
7147
3189
175
390
6092
1655
9759
3067
1031
2439
9636
8678
9546
7227
2
4173
9470
7935
1438
6997
1135
3355
553
2767
9741
1862
9134
2489
2261
5268
6222
4440
785
9607
5538
4410
7070
6352
119
4340
4158
3870
7043
996
8482
9901
7114
1176
8814
385
7115
2961
6309
8818
8778