939
498
668
750
740
115
674
199
470
839
514
609
901
403
730
64
395
973
43
925
710
442
109
318
844
998
115
803
581
905
622
536
60
69
771
319
237
452
703
581
20
528
933
133
827
976
753
392
374
262
179
71
39
304
374
76
437
505
573
286
444
498
954
552
47
526
674
18
693
525
138
70
753
308
98
920
390
671
691
939
318
68
882
33
957
761
35
966
288
481
858
687
132
337
991
713
628
925
781
615
641
20
794
904
139
68
336
878
882
430
540
51
235
37
596
261
37
176
143
103
779
903
604
339
496
480
897
311
214
587
395
124
269
685
281
206
733
951
830
956
677
608
755
688
550
428
642
532
428
331
118
410
440
984
294
237
78
988
608
10
268
111
248
467
272
770
185
670
613
941
549
905
229
405
580
954
615
882
555
334
78
123
14
517
714
604
165
988
701
130
236
337
476
808
800
190
465
61
123
369
907
453
715
298
370
426
730
332
240
523
782
475
410
913
543
255
333
909
905
623
548
758
125
879
741
613
446
663
922
398
251
479
575
15
533
568
823
985
295
594
566
228
205
629
241
318
274
119
640
825
753
22
980
455
970
548
101
792
215
598
725
967
996
806
252
186
719
55
947
508
317
526
244
548
800
922
112
997
732
294
339
751
155
726
406
180
335
925
157
262
575
321
739
154
8
492
235
781
200
406
753
18
626
335
542
771
427
652
594
446
683
418
207
150
299
90
26
50
477
406
466
909
488
443
409
60
859
816
834
80
579
201
401
402
512
55
372
494
281
423
505
802
14
89
300
550
982
870
633
741
496
671
778
868
626
431
208
324
109
976
522
310
407
687
547
163
946
900
401
685
485
713
211
561
271
132
459
144
201
965
613
99
705
216
215
75
58
362
400
893
489
999
207
484
104
261
116
233
985
737
7
462
651
87
912
785
49
103
741
39
900
56
357
789
346
490
136
694
710
616
209
255
257
966
375
914
164
97
600
443
343
873
769
455
985
459
508
140
635
981
791
318
223
755
869
849
449
223
846
690
853
380
309
427
459
8
746
917
535
339
446
656
16
247
446
34
904
103
194
276
571
351
892
39
645
164
56
799
549
790
489
111
178
80
185
3
837
493
26
986
464
679
891
980
103
607
519
619
4
259
496
248
875
590
665
590
813
534
388
359
645
642
20
32
338
651
1000
196
86
604
573
284
235
199
267
585
924
721
20
401
164
455
1000
610
39
203
100
840
391
710
337
158
968
110
742
178
432
495
90
581
33
168
71
874
243
651
995
526
346
576
221
708
609
182
865
149
651
322
302
474
434
428
81
584
455
324
651
933
3
426
818
331
980
250
843
157
451
431
601
505
927
882
371
423
759
802
606
472
460
364
86
476
592
781
512
640
767
932
317
596
610
930
804
437
812
32
262
302
852
242
920
572
463
393
673
347
496
881
573
184
299
770
703
190
58
117
607
323
351
225
419
61
383
759
855
136
574
328
175
293
248
129
961
191
36
835
294
1000
929
289
359
46
733
138
99
87
358
133
114
316
418
946
331
917
94
619
44
35
946
657
92
516
214
917
841
216
8
633
435
258
803
386
958
509
91
362
943
316
632
230
402
502
114
414
938
659
244
856
221
127
22
864
971
842
638
342
242
226
850
9
249
224
184
431
51
728
766
733
708
965
565
33
102
540
790
304
204
333
709
442
590
920
901
259
350
808
715
733
337
178
785
159
824
783
732
446
970
948
954
499
828
861
188
353
14
510
23
191
69
280
802
484
715
249
144
905
265
660
165
185
688
422
409
731
619
218
565
406
641
124
21
521
251
98
554
339
750
24
41
510
706
785
272
250
215
205
390
669
265
692
483
750
775
923
224
714
47
682
334
906
845
509
879
457
656
277
759
566
551
142
148
359
762
534
423
565
226
572
518
476
849
333
934
607
641
914
268
508
805
149
66
345
545
894
969
886
184
964
520
383
126
501
476
418
966
853
441
844
68
570
426
494
617
819
790
886
597
277
555
754
562
552
635
61
144
166
240
360
160
599
206
464
539
422
296
650
473
948
783
948
661
837
328
524
333
646
384
809
497
784
657
481
6
262
109
397
476
851
289
935
800
775
990
952
304
127
764
813
412
989
210
87
410
742
927
162
753
14
770
9
939
116
21
720
619
609
681
633
474
791
924
793
905
234
942
691
940
302
365
955
665
600
29
172
729
612
87
594
513
243
192
624
829
842
747
17
565
575
522
441
251
683
788
256
873
654
366
823
115
70
931
996
15
714
487
396
666
740
892
900